85 208 94 203
85 235 96 226
87 265 100 249
90 294 106 271
97 324 116 293
108 350 130 312
125 372 146 329
149 386 164 343
176 388 185 346
203 382 206 341
229 366 224 327
251 346 240 311
267 320 252 292
278 293 261 273
283 266 266 252
284 237 270 229
285 209 271 207
99 206 108 202
113 192 121 194
132 187 137 193
152 190 154 195
171 197 171 199
188 195 192 198
208 187 208 193
229 183 225 191
249 186 242 192
264 199 256 200
181 203 182 209
181 220 182 227
182 238 181 244
182 257 181 261
162 269 166 265
171 273 174 269
182 276 183 272
193 274 192 268
203 270 199 264
123 209 129 209
134 205 138 204
145 204 150 204
156 209 160 211
145 211 149 214
134 212 137 214
207 207 204 210
219 203 214 203
229 203 226 202
239 207 235 208
229 210 227 212
219 210 215 212
142 309 151 293
156 301 163 288
170 298 174 285
182 301 183 287
194 298 191 284
206 300 203 287
220 307 213 290
204 315 204 303
192 319 193 310
179 320 184 311
167 320 175 310
154 318 163 304
146 308 157 293
170 304 174 292
182 306 183 293
194 304 192 292
215 307 208 291
192 308 193 295
180 310 184 296
167 309 175 295
0 0 0 0
0 486 0 486
363 486 363 486
363 0 363 0
